14
6
6
27
9
9
21
27
18
36
26
27
23
27
4
9
11
39
11
39
16
16
19
20
6
10
10
3
5
5
15
29
18
27
11
27
19
27
18
27
21
27
18
27
18
27
19
27
18
27
18
27
5
20
7
25
16
17
17
11
17
17
16
27
32
35
25
27
19
27
22
27
20
27
18
27
17
27
22
27
21
27
4
27
19
27
21
27
17
27
28
27
21
27
22
27
20
27
22
32
20
27
21
27
22
27
21
27
24
27
32
27
22
27
23
27
21
27
8
37
16
29
8
37
14
13
18
3
8
5
17
20
18
29
18
20
18
29
18
20
13
29
18
28
17
29
5
27
9
35
18
29
5
29
29
20
17
20
19
20
18
28
18
28
11
20
17
20
12
25
17
20
18
20
28
20
18
20
18
28
17
20
12
37
4
32
12
37
22
8
14
27
17
28
21
34
22
29
24
27
18
28
22
34
18
28
22
34
17
28
21
34
39
4
