11
8
4
22
7
7
18
22
15
29
20
22
18
22
3
7
9
31
9
31
13
12
15
17
5
8
8
3
4
4
12
24
15
22
9
22
15
22
14
22
17
22
14
22
15
22
15
22
15
22
14
22
5
16
5
20
13
13
13
9
14
13
12
22
25
27
20
22
15
22
18
22
16
22
15
22
14
22
18
22
17
22
4
22
15
22
17
22
14
22
22
22
17
22
18
22
16
22
18
26
16
22
16
22
18
22
16
22
19
22
26
22
19
22
18
22
16
22
6
29
13
24
6
29
12
11
14
3
7
4
14
16
14
23
14
16
14
23
14
16
11
23
14
22
13
23
4
23
7
29
14
23
3
23
23
16
13
16
15
16
14
22
14
22
8
16
13
16
9
20
13
16
14
16
22
16
15
16
14
22
13
16
10
28
3
26
10
28
18
6
11
22
13
22
16
28
17
23
19
22
14
22
18
28
14
22
18
28
13
22
16
28
31
2
