13
8
5
24
8
8
20
24
17
32
23
24
21
24
4
8
9
35
10
35
15
14
17
19
6
9
9
3
5
4
14
26
17
24
11
24
17
24
16
24
19
24
16
24
16
24
17
24
17
24
16
24
5
18
6
23
14
15
15
10
15
15
14
24
29
31
22
24
18
24
20
24
19
24
17
24
16
24
19
24
20
24
4
24
17
24
20
24
16
24
25
24
20
24
21
24
19
24
21
28
19
24
18
24
20
24
18
24
22
24
29
24
21
24
21
24
19
24
7
33
14
26
7
33
13
12
16
3
8
5
16
18
16
26
16
18
16
26
16
18
11
26
16
25
15
26
4
25
8
32
16
26
4
26
26
18
15
18
17
18
16
25
16
25
9
18
15
18
10
22
15
18
16
18
25
18
17
18
16
25
15
18
11
33
4
28
11
33
19
7
13
24
15
26
18
31
19
26
21
24
16
26
20
31
16
25
20
31
15
26
19
31
35
3
