10
6
3
19
6
6
15
19
13
25
17
19
16
19
3
6
8
27
8
27
11
11
14
15
4
7
7
2
4
3
10
21
13
19
8
19
13
19
12
19
15
19
13
19
13
19
14
19
13
19
12
19
4
14
5
18
12
11
12
8
12
11
12
19
22
24
17
19
13
19
15
19
14
19
12
19
12
19
15
19
15
19
3
19
13
19
15
19
12
19
19
19
15
19
16
19
14
19
16
22
14
19
14
19
15
19
15
19
17
19
23
19
16
19
16
19
14
19
6
25
11
21
5
25
10
9
12
2
7
4
12
14
13
20
12
14
12
20
12
14
10
20
12
19
12
20
4
19
6
24
13
20
4
20
21
14
12
14
13
14
13
19
12
19
8
14
12
14
8
17
12
14
13
14
19
14
13
14
12
19
12
14
9
25
3
22
8
25
16
6
10
19
12
20
14
24
15
20
16
19
12
20
15
24
12
20
15
25
12
20
14
24
27
1
