8
4
4
16
5
5
13
16
11
22
15
16
13
16
2
5
7
23
7
23
10
10
12
12
4
6
6
2
4
3
9
17
11
16
7
16
11
16
10
16
12
16
11
16
11
16
12
16
11
16
10
16
3
12
4
15
10
10
10
6
10
10
10
16
18
20
15
16
12
16
13
16
13
16
11
16
11
16
13
16
13
16
4
16
11
16
13
16
11
16
17
16
13
16
13
16
13
16
13
19
13
16
13
16
13
16
12
16
14
16
20
16
14
16
14
16
13
16
5
21
9
17
5
21
9
8
10
2
6
3
10
12
11
17
11
12
10
17
10
12
8
17
10
16
10
17
3
17
5
21
11
17
3
17
17
12
10
12
12
12
11
16
10
16
7
12
10
12
7
15
10
12
11
12
17
12
11
12
11
16
11
12
8
21
3
19
7
21
13
5
8
16
10
17
13
20
12
17
14
16
11
17
13
20
11
17
13
20
11
17
13
20
23
0
