0
32
96
121
329
571
811
1019
1029
1190
1351
1451
1595
1619
1631
1643
1796
1972
2084
2260
2420
2612
2788
2964
3156
3332
3492
3528
3588
3688
3748
3848
4008
4368
4608
4800
5008
5216
5392
5568
5776
5984
6048
6224
6432
6608
6880
7088
7296
7504
7751
7959
8167
8375
8567
8791
9111
9335
9559
9767
9872
10025
10130
10202
10222
10240
10360
10547
10679
10849
10969
11105
11265
11435
11486
11591
11778
11829
12033
12153
12297
12473
12633
12717
12837
12942
13062
13194
13398
13530
13706
13838
14006
14063
14210
14275
14403
14573
14833
15037
15261
15448
15708
15895
16155
16342
