0
84
246
327
894
1542
2244
2865
2901
3330
3759
4015
4395
4455
4485
4510
4945
5431
5728
6241
6727
7294
7780
8266
8779
9265
9751
9851
10026
10298
10485
10774
11206
12326
13001
13514
14108
14648
15134
15593
16187
16754
16862
17375
17942
18401
19157
19724
20318
20858
21562
22102
22669
23263
23830
24478
25342
25936
26557
27124
27420
27884
28180
28362
28416
28456
28796
29318
29678
30200
30560
30937
31441
31934
32069
32384
32906
33051
33631
33971
34351
34855
35359
35579
35919
36219
36559
36919
37479
37839
38343
38683
39127
39255
39699
39875
40253
40729
41443
42081
42729
43233
43981
44485
45233
45709
