0
60
117
153
438
763
1086
1390
1408
1624
1840
1961
2171
2199
2213
2225
2435
2682
2834
3081
3309
3594
3841
4088
4354
4601
4829
4885
4975
5107
5203
5335
5563
6091
6414
6661
6946
7212
7440
7668
7953
8238
8295
8542
8827
9055
9416
9701
10005
10271
10623
10889
11155
11440
11725
12048
12485
12789
13093
13359
13509
13740
13865
13955
13979
14007
14175
14435
14603
14843
15011
15211
15439
15679
15755
15899
16159
16239
16533
16701
16883
17130
17358
17470
17638
17774
17942
18124
18390
18572
18800
18968
19193
19259
19459
19555
19745
19985
20321
20621
20925
21165
21525
21765
22140
22380
