0
88
176
225
621
1056
1496
1892
1913
2192
2471
2627
2882
2922
2946
2962
3250
3580
3778
4108
4416
4790
5098
5428
5758
6088
6396
6476
6576
6745
6862
7044
7308
7983
8423
8753
9149
9501
9831
10139
10535
10909
10997
11327
11701
12009
12493
12867
13263
13615
14083
14435
14787
15183
15535
15953
16525
16943
17339
17691
17865
18177
18351
18483
18525
18553
18777
19099
19323
19645
19869
20122
20430
20729
20821
21024
21346
21415
21783
21991
22231
22539
22847
22975
23183
23363
23571
23795
24147
24387
24695
24903
25183
25261
25541
25649
25891
26177
26625
27016
27434
27742
28246
28554
29058
29344
