0
104
224
288
768
1312
1864
2368
2400
2715
3065
3275
3598
3652
3679
3699
4063
4471
4735
5143
5527
5983
6367
6751
7159
7567
7951
8041
8179
8389
8539
8764
9100
9999
10527
10959
11439
11895
12303
12687
13143
13623
13719
14127
14607
14991
15591
16071
16575
17031
17619
18075
18507
18987
19419
19947
20643
21147
21651
22107
22338
22702
22933
23089
23137
23177
23465
23881
24169
24585
24873
25159
25559
25949
26049
26305
26721
26825
27293
27563
27869
28269
28669
28831
29101
29321
29591
29879
30329
30635
31035
31305
31668
31780
32143
32276
32588
32978
33536
34030
34534
34950
35570
35970
36590
36980
